Run semi-empirical minimization
 &qmmm
    qm_theory='AM1', grms_tol=0.0005,
 scfconv=1.d-10, ndiis_attempts=700,   qmcharge=0,
 /
   6    C1       -1.2820       -0.1360       -0.0140 
   6    C2       -0.6810        1.1290        0.0710 
   6    C3        0.7130        1.2480        0.0820 
   6    C4        1.5180        0.1020        0.0110 
   6    C5        0.9130       -1.1620       -0.0460 
   6    C6       -0.4750       -1.2800       -0.0590 
   6    C7       -2.7650       -0.2300       -0.0730 
   6    C8        3.0020        0.2530       -0.0220 
   8    O1        3.5820        1.3190        0.0350 
   8    O2        3.5680       -0.9710       -0.1480 
   6    C9        4.9910       -0.9690       -0.2300 
   8    O3       -3.5100        0.7290       -0.0280 
   8    O4       -3.1290       -1.5300       -0.1880 
   6   C10       -4.5340       -1.7990       -0.2520 
   6   C11       -5.1580       -1.7840        1.1400 
   6   C12       -4.5300       -2.8190        2.0620 
   1    H1       -1.2980        2.0260        0.1170 
   1    H2        1.1680        2.2360        0.1340 
   1    H3        1.5100       -2.0690       -0.0940 
   1    H4       -0.9090       -2.2750       -0.1150 
   1    H5        5.3190       -2.0070       -0.3250 
   1    H6        5.4250       -0.5480        0.6820 
   1    H7        5.3210       -0.4180       -1.1150 
   1    H8       -4.6450       -2.7930       -0.6990 
   1    H9       -5.0290       -1.0890       -0.9240 
   1   H10       -6.2330       -1.9750        1.0550 
   1   H11       -5.0340       -0.7960        1.5970 
   1   H12       -4.6390       -3.8270        1.6500 
   1   H13       -5.0180       -2.7970        3.0420 
   1   H14       -3.4630       -2.6240        2.2140 

