Run semi-empirical minimization
 &qmmm
    qm_theory='AM1', grms_tol=0.0005,
 scfconv=1.d-10, ndiis_attempts=700,   qmcharge=0,
 /
   6     C        1.0550        0.0570       -0.0200 
   6    C1        2.5690        0.0180       -0.0180 
   8     O        3.0540        1.3590       -0.0030 
   6    C2        4.4800        1.3920        0.0010 
   6    C3        4.9530        2.8390        0.0190 
   8    O1        6.3790        2.8590        0.0230 
   6    C4        6.8770        4.1940        0.0390 
   6    C5        8.3980        4.1580        0.0420 
   8    O2        8.8930        5.4940        0.0600 
   6    C6       10.3180        5.5150        0.0620 
   6    C7       10.7910        6.9620        0.0790 
   8    O3       12.2160        6.9850        0.0820 
   6    C8       12.7100        8.3220        0.0990 
   6    C9       14.2310        8.2860        0.0990 
   8    O4       14.7370        9.6190        0.1170 
   6   C10       16.1630        9.6320        0.1180 
   6   C11       16.6310       11.0720        0.1360 
   1     H        0.6400       -0.9550       -0.0310 
   1    H1        0.6840        0.6010       -0.8950 
   1    H2        0.6810        0.5830        0.8640 
   1    H3        2.9310       -0.4950       -0.9150 
   1    H4        2.9270       -0.5130        0.8700 
   1    H5        4.8720        0.8850       -0.8890 
   1    H6        4.8670        0.8660        0.8820 
   1    H7        4.5660        3.3480        0.9100 
   1    H8        4.5710        3.3680       -0.8630 
   1    H9        6.5160        4.7210        0.9320 
   1   H10        6.5190        4.7420       -0.8410 
   1   H11        8.7590        3.6330       -0.8510 
   1   H12        8.7570        3.6090        0.9210 
   1   H13       10.7060        5.0070       -0.8290 
   1   H14       10.7030        4.9870        0.9430 
   1   H15       10.4030        7.4700        0.9710 
   1   H16       10.4060        7.4890       -0.8010 
   1   H17       12.3490        8.8470        0.9910 
   1   H18       12.3500        8.8700       -0.7810 
   1   H19       14.5900        7.7590       -0.7930 
   1   H20       14.5890        7.7360        0.9780 
   1   H21       16.5370        9.1300       -0.7810 
   1   H22       16.5360        9.1070        1.0040 
   1   H23       16.2510       11.6130       -0.7350 
   1   H24       17.7240       11.1260        0.1380 
   1   H25       16.2500       11.5890        1.0240 

